1             1     22     0
2             1      0     1
3             1      3     1
4             1     18     0
5             1      3     0
6             1     11     1
7             1     24     0
8             1     24     0
9             1      8     1
10            1     11     0
11            1     17     0
12            1     20     1
13            1     13     1
14            1      7     0
15            1     11     1
16            1      0     1
17            1      3     1
18            1     17     1
19            1     22     0
20            1     20     0
21            1     10     1
22            1     21     0
23            1      0     1
24            1      6     1
25            1      0     1
26            1     28     0
27            1     11     0
28            1     16     1
29            1     23     0
30            1     28     0
31            1     22     1
32            1     21     0
33            1      0     1
34            1     17     1
35            1     18     0
36            1     21     1
37            1     20     0
38            1     13     0
39            1      0     1
40            1     24     0
41            1     25     0
42            1     17     0
43            1     26     0
44            1      9     1
45            1     10     1
46            1     21     0
47            1      0     1
48            1      0     1
49            1      6     1
50            1     16     0
51            1     25     0
52            1      6     0
53            1     16     1
54            1     28     0
55            1     20     1
56            1     31     0
57            1     23     0
58            1      3     0
59            1     16     1
60            1      8     0
61            1     28     0
62            1      0     1
63            1      6     0
64            1      0     1
65            1     18     1
66            1     25     0
67            1     22     0
68            1      3     1
69            1     10     0
70            1     20     0
71            1      2     1
72            1      0     1
73            1     27     0
74            1      0     1
75            1     25     0
76            1      6     0
77            1     31     0
78            1     21     1
79            1      0     0
80            1     13     0
81            1      7     0
82            1     14     1
83            1      0     1
84            1     22     1
85            1      2     1
86            1     17     0
87            1     14     1
88            1     21     1
89            1      2     1
90            1     21     1
91            1      0     1
92            1     22     0
93            1     23     0
94            1     15     0
95            1     27     0
96            1      4     1
97            1     29     0
98            1     23     0
99            1      0     1
100           1     14     0
101           1      0     1
102           1     27     0
103           1     12     1
104           1     23     0
105           1     15     1
106           1     18     0
107           1      0     1
108           1     17     0
109           1      0     1
110           1     16     0
111           1      4     1
112           1     22     1
113           1     16     0
114           1      3     1
115           1     16     0
116           1     23     0
117           1     18     0
118           1     13     0
119           1     14     0
120           1      9     0
121           1     10     1
122           1     14     1
123           1      4     0
124           1     29     0
125           1      0     1
126           1      8     0
127           1      0     1
128           1      5     0
129           1     25     1
130           1     20     1
131           1     19     0
132           1     20     0
133           1     25     0
134           1     16     1
135           1     20     1
136           1     15     1
137           1      0     1
138           1      0     1
139           1     18     0
140           1     19     0
141           1     16     0
142           1      0     1
143           1      0     1
144           1     22     0
145           1      0     1
146           1     23     0
147           1     19     1
148           1     25     0
149           1      0     1
150           1     30     0
151           1     25     0
152           1      0     1
153           1     18     1
154           1      0     1
155           1      0     1
156           1     20     0
157           1     16     1
158           1     29     0
159           1     18     0
160           1     11     1
161           1     22     0
162           1      0     1
163           1     27     0
164           1      2     1
165           1     26     0
166           1     10     0
167           1     28     0
168           1     19     1
169           1     17     0
170           1     19     0
171           1     23     0
172           1     13     0
173           1      8     1
174           1     22     0
175           1      0     1
176           1     18     0
177           1      6     1
178           1     19     0
179           1      8     1
180           1     10     0
181           1     19     0
182           1     17     0
183           1     29     0
184           1     25     0
185           1      0     1
186           1      0     0
187           1     12     1
188           1      0     1
189           1     24     0
190           1      0     0
191           1     21     0
192           1     20     0
193           1      0     1
194           1     23     1
195           1     24     1
196           1      1     0
197           1      0     1
198           1     17     0
199           1     10     0
200           1     15     0
201           1      0     1
202           1      2     1
203           1     27     1
204           1     17     1
205           1      0     1
206           1      8     0
207           1     22     1
208           1     27     0
209           1     21     0
210           1     25     0
211           1     12     0
212           1     19     0
213           1     17     0
214           1     30     0
215           1     13     1
216           1      0     1
217           1     19     0
218           1     29     0
219           1      6     0
220           1      0     1
221           1     22     1
222           1     18     1
223           1      0     1
224           1     17     0
225           1     11     0
226           1      0     1
227           1     28     0
228           1     26     0
229           1      4     1
230           1     23     1
231           1     20     0
232           1     12     0
233           1      0     1
234           1     21     1
235           1     15     0
236           1      3     1
237           1      5     0
238           1     20     0
239           1      0     0